Original input data (before subtracting 128):
Channel 0:
-128 -127 -126 -125 -124 -123 -122 -121 -120 -119 -118 -117 -116 -115 -114 -113 -112 -111 
-110 -109 -108 -107 -106 -105 -104 -103 -102 -101 -100  -99  -98  -97  -96  -95  -94  -93 
 -92  -91  -90  -89  -88  -87  -86  -85  -84  -83  -82  -81  -80  -79  -78  -77  -76  -75 
 -74  -73  -72  -71  -70  -69  -68  -67  -66  -65  -64  -63  -62  -61  -60  -59  -58  -57 
 -56  -55  -54  -53  -52  -51  -50  -49  -48  -47  -46  -45  -44  -43  -42  -41  -40  -39 
 -38  -37  -36  -35  -34  -33  -32  -31  -30  -29  -28  -27  -26  -25  -24  -23  -22  -21 

Channel 1:
 -20  -19  -18  -17  -16  -15  -14  -13  -12  -11  -10   -9   -8   -7   -6   -5   -4   -3 
  -2   -1    0    1    2    3    4    5    6    7    8    9   10   11   12   13   14   15 
  16   17   18   19   20   21   22   23   24   25   26   27   28   29   30   31   32   33 
  34   35   36   37   38   39   40   41   42   43   44   45   46   47   48   49   50   51 
  52   53   54   55   56   57   58   59   60   61   62   63   64   65   66   67   68   69 
  70   71   72   73   74   75   76   77   78   79   80   81   82   83   84   85   86   87 

Channel 2:
  88   89   90   91   92   93   94   95   96   97   98   99  100  101  102  103  104  105 
 106  107  108  109  110  111  112  113  114  115  116  117  118  119  120  121  122  123 
 124  125  126  127 -128 -127 -126 -125 -124 -123 -122 -121 -120 -119 -118 -117 -116 -115 
-114 -113 -112 -111 -110 -109 -108 -107 -106 -105 -104 -103 -102 -101 -100  -99  -98  -97 
 -96  -95  -94  -93  -92  -91  -90  -89  -88  -87  -86  -85  -84  -83  -82  -81  -80  -79 
 -78  -77  -76  -75  -74  -73  -72  -71  -70  -69  -68  -67  -66  -65  -64  -63  -62  -61 

Channel 3:
 -60  -59  -58  -57  -56  -55  -54  -53  -52  -51  -50  -49  -48  -47  -46  -45  -44  -43 
 -42  -41  -40  -39  -38  -37  -36  -35  -34  -33  -32  -31  -30  -29  -28  -27  -26  -25 
 -24  -23  -22  -21  -20  -19  -18  -17  -16  -15  -14  -13  -12  -11  -10   -9   -8   -7 
  -6   -5   -4   -3   -2   -1    0    1    2    3    4    5    6    7    8    9   10   11 
  12   13   14   15   16   17   18   19   20   21   22   23   24   25   26   27   28   29 
  30   31   32   33   34   35   36   37   38   39   40   41   42   43   44   45   46   47 

Channel 4:
  48   49   50   51   52   53   54   55   56   57   58   59   60   61   62   63   64   65 
  66   67   68   69   70   71   72   73   74   75   76   77   78   79   80   81   82   83 
  84   85   86   87   88   89   90   91   92   93   94   95   96   97   98   99  100  101 
 102  103  104  105  106  107  108  109  110  111  112  113  114  115  116  117  118  119 
 120  121  122  123  124  125  126  127 -128 -127 -126 -125 -124 -123 -122 -121 -120 -119 
-118 -117 -116 -115 -114 -113 -112 -111 -110 -109 -108 -107 -106 -105 -104 -103 -102 -101 

Channel 5:
-100  -99  -98  -97  -96  -95  -94  -93  -92  -91  -90  -89  -88  -87  -86  -85  -84  -83 
 -82  -81  -80  -79  -78  -77  -76  -75  -74  -73  -72  -71  -70  -69  -68  -67  -66  -65 
 -64  -63  -62  -61  -60  -59  -58  -57  -56  -55  -54  -53  -52  -51  -50  -49  -48  -47 
 -46  -45  -44  -43  -42  -41  -40  -39  -38  -37  -36  -35  -34  -33  -32  -31  -30  -29 
 -28  -27  -26  -25  -24  -23  -22  -21  -20  -19  -18  -17  -16  -15  -14  -13  -12  -11 
 -10   -9   -8   -7   -6   -5   -4   -3   -2   -1    0    1    2    3    4    5    6    7 

Channel 6:
   8    9   10   11   12   13   14   15   16   17   18   19   20   21   22   23   24   25 
  26   27   28   29   30   31   32   33   34   35   36   37   38   39   40   41   42   43 
  44   45   46   47   48   49   50   51   52   53   54   55   56   57   58   59   60   61 
  62   63   64   65   66   67   68   69   70   71   72   73   74   75   76   77   78   79 
  80   81   82   83   84   85   86   87   88   89   90   91   92   93   94   95   96   97 
  98   99  100  101  102  103  104  105  106  107  108  109  110  111  112  113  114  115 

Channel 7:
 116  117  118  119  120  121  122  123  124  125  126  127 -128 -127 -126 -125 -124 -123 
-122 -121 -120 -119 -118 -117 -116 -115 -114 -113 -112 -111 -110 -109 -108 -107 -106 -105 
-104 -103 -102 -101 -100  -99  -98  -97  -96  -95  -94  -93  -92  -91  -90  -89  -88  -87 
 -86  -85  -84  -83  -82  -81  -80  -79  -78  -77  -76  -75  -74  -73  -72  -71  -70  -69 
 -68  -67  -66  -65  -64  -63  -62  -61  -60  -59  -58  -57  -56  -55  -54  -53  -52  -51 
 -50  -49  -48  -47  -46  -45  -44  -43  -42  -41  -40  -39  -38  -37  -36  -35  -34  -33 

Adjusted input data (after subtracting 128):
Channel 0:
   0    1    2    3    4    5    6    7    8    9   10   11   12   13   14   15   16   17 
  18   19   20   21   22   23   24   25   26   27   28   29   30   31   32   33   34   35 
  36   37   38   39   40   41   42   43   44   45   46   47   48   49   50   51   52   53 
  54   55   56   57   58   59   60   61   62   63   64   65   66   67   68   69   70   71 
  72   73   74   75   76   77   78   79   80   81   82   83   84   85   86   87   88   89 
  90   91   92   93   94   95   96   97   98   99  100  101  102  103  104  105  106  107 

Channel 1:
 108  109  110  111  112  113  114  115  116  117  118  119  120  121  122  123  124  125 
 126  127 -128 -127 -126 -125 -124 -123 -122 -121 -120 -119 -118 -117 -116 -115 -114 -113 
-112 -111 -110 -109 -108 -107 -106 -105 -104 -103 -102 -101 -100  -99  -98  -97  -96  -95 
 -94  -93  -92  -91  -90  -89  -88  -87  -86  -85  -84  -83  -82  -81  -80  -79  -78  -77 
 -76  -75  -74  -73  -72  -71  -70  -69  -68  -67  -66  -65  -64  -63  -62  -61  -60  -59 
 -58  -57  -56  -55  -54  -53  -52  -51  -50  -49  -48  -47  -46  -45  -44  -43  -42  -41 

Channel 2:
 -40  -39  -38  -37  -36  -35  -34  -33  -32  -31  -30  -29  -28  -27  -26  -25  -24  -23 
 -22  -21  -20  -19  -18  -17  -16  -15  -14  -13  -12  -11  -10   -9   -8   -7   -6   -5 
  -4   -3   -2   -1    0    1    2    3    4    5    6    7    8    9   10   11   12   13 
  14   15   16   17   18   19   20   21   22   23   24   25   26   27   28   29   30   31 
  32   33   34   35   36   37   38   39   40   41   42   43   44   45   46   47   48   49 
  50   51   52   53   54   55   56   57   58   59   60   61   62   63   64   65   66   67 

Channel 3:
  68   69   70   71   72   73   74   75   76   77   78   79   80   81   82   83   84   85 
  86   87   88   89   90   91   92   93   94   95   96   97   98   99  100  101  102  103 
 104  105  106  107  108  109  110  111  112  113  114  115  116  117  118  119  120  121 
 122  123  124  125  126  127 -128 -127 -126 -125 -124 -123 -122 -121 -120 -119 -118 -117 
-116 -115 -114 -113 -112 -111 -110 -109 -108 -107 -106 -105 -104 -103 -102 -101 -100  -99 
 -98  -97  -96  -95  -94  -93  -92  -91  -90  -89  -88  -87  -86  -85  -84  -83  -82  -81 

Channel 4:
 -80  -79  -78  -77  -76  -75  -74  -73  -72  -71  -70  -69  -68  -67  -66  -65  -64  -63 
 -62  -61  -60  -59  -58  -57  -56  -55  -54  -53  -52  -51  -50  -49  -48  -47  -46  -45 
 -44  -43  -42  -41  -40  -39  -38  -37  -36  -35  -34  -33  -32  -31  -30  -29  -28  -27 
 -26  -25  -24  -23  -22  -21  -20  -19  -18  -17  -16  -15  -14  -13  -12  -11  -10   -9 
  -8   -7   -6   -5   -4   -3   -2   -1    0    1    2    3    4    5    6    7    8    9 
  10   11   12   13   14   15   16   17   18   19   20   21   22   23   24   25   26   27 

Channel 5:
  28   29   30   31   32   33   34   35   36   37   38   39   40   41   42   43   44   45 
  46   47   48   49   50   51   52   53   54   55   56   57   58   59   60   61   62   63 
  64   65   66   67   68   69   70   71   72   73   74   75   76   77   78   79   80   81 
  82   83   84   85   86   87   88   89   90   91   92   93   94   95   96   97   98   99 
 100  101  102  103  104  105  106  107  108  109  110  111  112  113  114  115  116  117 
 118  119  120  121  122  123  124  125  126  127 -128 -127 -126 -125 -124 -123 -122 -121 

Channel 6:
-120 -119 -118 -117 -116 -115 -114 -113 -112 -111 -110 -109 -108 -107 -106 -105 -104 -103 
-102 -101 -100  -99  -98  -97  -96  -95  -94  -93  -92  -91  -90  -89  -88  -87  -86  -85 
 -84  -83  -82  -81  -80  -79  -78  -77  -76  -75  -74  -73  -72  -71  -70  -69  -68  -67 
 -66  -65  -64  -63  -62  -61  -60  -59  -58  -57  -56  -55  -54  -53  -52  -51  -50  -49 
 -48  -47  -46  -45  -44  -43  -42  -41  -40  -39  -38  -37  -36  -35  -34  -33  -32  -31 
 -30  -29  -28  -27  -26  -25  -24  -23  -22  -21  -20  -19  -18  -17  -16  -15  -14  -13 

Channel 7:
 -12  -11  -10   -9   -8   -7   -6   -5   -4   -3   -2   -1    0    1    2    3    4    5 
   6    7    8    9   10   11   12   13   14   15   16   17   18   19   20   21   22   23 
  24   25   26   27   28   29   30   31   32   33   34   35   36   37   38   39   40   41 
  42   43   44   45   46   47   48   49   50   51   52   53   54   55   56   57   58   59 
  60   61   62   63   64   65   66   67   68   69   70   71   72   73   74   75   76   77 
  78   79   80   81   82   83   84   85   86   87   88   89   90   91   92   93   94   95 

Filter values (depthwise 3x3 kernel for each channel):
Channel 0 kernel:
-128 -127 -126 
-125 -124 -123 
-122 -121 -120 

Channel 1 kernel:
-119 -118 -117 
-116 -115 -114 
-113 -112 -111 

Channel 2 kernel:
-110 -109 -108 
-107 -106 -105 
-104 -103 -102 

Channel 3 kernel:
-101 -100  -99 
 -98  -97  -96 
 -95  -94  -93 

Channel 4 kernel:
 -92  -91  -90 
 -89  -88  -87 
 -86  -85  -84 

Channel 5 kernel:
 -83  -82  -81 
 -80  -79  -78 
 -77  -76  -75 

Channel 6 kernel:
 -74  -73  -72 
 -71  -70  -69 
 -68  -67  -66 

Channel 7 kernel:
 -65  -64  -63 
 -62  -61  -60 
 -59  -58  -57 

Depthwise convolution results (shape: 8 x 4 x 16):
Output Channel 0:
    -20874     -21990     -23106     -24222     -25338     -26454     -27570     -28686     -29802     -30918     -32034     -33150     -34266     -35382     -36498     -37614 
    -40962     -42078     -43194     -44310     -45426     -46542     -47658     -48774     -49890     -51006     -52122     -53238     -54354     -55470     -56586     -57702 
    -61050     -62166     -63282     -64398     -65514     -66630     -67746     -68862     -69978     -71094     -72210     -73326     -74442     -75558     -76674     -77790 
    -81138     -82254     -83370     -84486     -85602     -86718     -87834     -88950     -90066     -91182     -92298     -93414     -94530     -95646     -96762     -97878 

Output Channel 1:
    -15915      12490      41151      40116      39081      38046      37011      35976      34941      33906      32871      31836      30801      29766      28731      27696 
     54543      83716     113145     112110     111075     110040     109005     107970     106935     105900     104865     103830     102795     101760     100725      99690 
     96585      95550      94515      93480      92445      91410      90375      89340      88305      87270      86235      85200      84165      83130      82095      81060 
     77955      76920      75885      74850      73815      72780      71745      70710      69675      68640      67605      66570      65535      64500      63465      62430 

Output Channel 2:
     20364      19410      18456      17502      16548      15594      14640      13686      12732      11778      10824       9870       8916       7962       7008       6054 
      3192       2238       1284        330       -624      -1578      -2532      -3486      -4440      -5394      -6348      -7302      -8256      -9210     -10164     -11118 
    -13980     -14934     -15888     -16842     -17796     -18750     -19704     -20658     -21612     -22566     -23520     -24474     -25428     -26382     -27336     -28290 
    -31152     -32106     -33060     -34014     -34968     -35922     -36876     -37830     -38784     -39738     -40692     -41646     -42600     -43554     -44508     -45462 

Output Channel 3:
    -75621     -76494     -77367     -78240     -79113     -79986     -80859     -81732     -82605     -83478     -84351     -85224     -86097     -86970     -87843     -88716 
    -91335     -92208     -93081     -93954     -71019     -47828     -24381     -25254     -26127     -27000     -27873     -28746     -29619     -30492     -31365     -32238 
    -34857     -35730     -36603     -37476     -13773      10186      34401      33528      32655      31782      30909      30036      29163      28290      27417      26544 
     23925      23052      22179      21306      45777      70504      95487      94614      93741      92868      91995      91122      90249      89376      88503      87630 

Output Channel 4:
     48642      47850      47058      46266      45474      44682      43890      43098      42306      41514      40722      39930      39138      38346      37554      36762 
     34386      33594      32802      32010      31218      30426      29634      28842      28050      27258      26466      25674      24882      24090      23298      22506 
     20130      19338      18546      17754      16962      16170      15378      14586      13794      13002      12210      11418      10626       9834       9042       8250 
      5874       5082       4290       3498       2706       1914       1122        330       -462      -1254      -2046      -2838      -3630      -4422      -5214      -6006 

Output Channel 5:
    -33087     -33798     -34509     -35220     -35931     -36642     -37353     -38064     -38775     -39486     -40197     -40908     -41619     -42330     -43041     -43752 
    -45885     -46596     -47307     -48018     -48729     -49440     -50151     -50862     -51573     -52284     -52995     -53706     -54417     -55128     -55839     -56550 
    -58683     -59394     -60105     -60816     -61527     -62238     -62949     -63660     -64371     -65082     -65793     -66504     -67215     -67926     -68637     -69348 
    -71481     -72192     -72903     -73614     -74325     -75036     -75747     -76458     -57969     -39224     -20223     -20934     -21645     -22356     -23067     -23778 

Output Channel 6:
     63960      63330      62700      62070      61440      60810      60180      59550      58920      58290      57660      57030      56400      55770      55140      54510 
     52620      51990      51360      50730      50100      49470      48840      48210      47580      46950      46320      45690      45060      44430      43800      43170 
     41280      40650      40020      39390      38760      38130      37500      36870      36240      35610      34980      34350      33720      33090      32460      31830 
     29940      29310      28680      28050      27420      26790      26160      25530      24900      24270      23640      23010      22380      21750      21120      20490 

Output Channel 7:
     -3513      -4062      -4611      -5160      -5709      -6258      -6807      -7356      -7905      -8454      -9003      -9552     -10101     -10650     -11199     -11748 
    -13395     -13944     -14493     -15042     -15591     -16140     -16689     -17238     -17787     -18336     -18885     -19434     -19983     -20532     -21081     -21630 
    -23277     -23826     -24375     -24924     -25473     -26022     -26571     -27120     -27669     -28218     -28767     -29316     -29865     -30414     -30963     -31512 
    -33159     -33708     -34257     -34806     -35355     -35904     -36453     -37002     -37551     -38100     -38649     -39198     -39747     -40296     -40845     -41394 

