# DESCRIPTION: Verilator output: Timestamp data for --skip-identical.  Delete at will.
C "--cc --exe -I./include -I./Controller --build --trace --trace-max-array 1024 --debug -CFLAGS -DTOP_TEST=0 ./src/Controller/top.sv ./testbench/tb.cpp"
S  103804392 2533274791174310  1744548112    83441900  1740469608           0 "/mnt/c/Linux/verilator-v5.030/bin/verilator_bin_dbg"
S      5218 12103423999089975  1744548108   476847100  1740469608           0 "/mnt/c/Linux/verilator-v5.030/share/verilator/include/verilated_std.sv"
T      5442 64457769666913711  1748391013   881280800  1748391013   881280800 "obj_dir/Vtop.cpp"
T      3854 52354345668355236  1748391013   878278800  1748391013   878278800 "obj_dir/Vtop.h"
T      2059 15481123719286283  1748391013   918449200  1748391013   918449200 "obj_dir/Vtop.mk"
T    256280 82753643153127592  1748391013   914280200  1748391013   914280200 "obj_dir/Vtop.tree.json"
T    102084 95701492081817366  1748391013   906279400  1748391013   906279400 "obj_dir/Vtop.xml"
T     49586 59109745109355686  1748391013   559281000  1748391013   559281000 "obj_dir/Vtop_001_cells.tree"
T     58930 27303072741051769  1748391013   565280100  1748391013   565280100 "obj_dir/Vtop_006_linkjump.tree"
T        89 7318349394597555  1748391013   567281500  1748391013   567281500 "obj_dir/Vtop_007_linkinc.tree"
T     58039 52917295621758952  1748391013   579278700  1748391013   579278700 "obj_dir/Vtop_009_linkdotparam.tree"
T     59342 75435293758613980  1748391013   584281600  1748391013   584281600 "obj_dir/Vtop_012_width.tree"
T     55687 15481123719244486  1748391013   588279000  1748391013   588279000 "obj_dir/Vtop_014_const.tree"
T        89 93168217291385793  1748391013   590278700  1748391013   590278700 "obj_dir/Vtop_015_assertpre.tree"
T        89 44191571343733870  1748391013   591280400  1748391013   591280400 "obj_dir/Vtop_016_assert.tree"
T     60549 83035118129804715  1748391013   595280300  1748391013   595280300 "obj_dir/Vtop_018_const.tree"
T     58871 25332747904120302  1748391013   602279700  1748391013   602279700 "obj_dir/Vtop_023_begin.tree"
T        89 30680772461623173  1748391013   604281700  1748391013   604281700 "obj_dir/Vtop_024_tristate.tree"
T     59181 28710447624648627  1748391013   608281500  1748391013   608281500 "obj_dir/Vtop_025_unknown.tree"
T        89 107523441103632814  1748391013   610279600  1748391013   610279600 "obj_dir/Vtop_026_dfg-extract.tree"
T     58697 84161018036648751  1748391013   616280300  1748391013   616280300 "obj_dir/Vtop_027_dfg-optimize.tree"
T     66914 75153818781908383  1748391013   621278700  1748391013   621278700 "obj_dir/Vtop_028_inline.tree"
T        89 23362423067147748  1748391013   623279600  1748391013   623279600 "obj_dir/Vtop_030_interface.tree"
T     68187 20829148276751849  1748391013   627279200  1748391013   627279200 "obj_dir/Vtop_031_dfg-optimize.tree"
T        89 27303072741097050  1748391013   631279300  1748391013   631279300 "obj_dir/Vtop_032_const.tree"
T     59628 34621422135574118  1748391013   634279700  1748391013   634279700 "obj_dir/Vtop_033_deadDtypes.tree"
T        89 30399297484914384  1748391013   636279500  1748391013   636279500 "obj_dir/Vtop_034_inst.tree"
T        89 71494644084670435  1748391013   638281200  1748391013   638281200 "obj_dir/Vtop_035_const.tree"
T     96525 47569271064264774  1748391013   642281500  1748391013   642281500 "obj_dir/Vtop_036_scope.tree"
T     96046 88383142687310241  1748391013   647278500  1748391013   647278500 "obj_dir/Vtop_037_linkdot.tree"
T        91 68679894317564671  1748391013   649278900  1748391013   649278900 "obj_dir/Vtop_038_class.tree"
T        91 63613344736773408  1748391013   651281800  1748391013   651281800 "obj_dir/Vtop_039_const.tree"
T        91 32088147345180027  1748391013   652281800  1748391013   652281800 "obj_dir/Vtop_040_deadDtypesScoped.tree"
T    102942 27021597764389466  1748391013   658280600  1748391013   658280600 "obj_dir/Vtop_041_case.tree"
T        91 73464968921647847  1748391013   660280500  1748391013   660280500 "obj_dir/Vtop_042_task.tree"
T    102805 53480245575191345  1748391013   665281200  1748391013   665281200 "obj_dir/Vtop_044_unroll.tree"
T        91 76279718688754706  1748391013   667281300  1748391013   667281300 "obj_dir/Vtop_045_slice.tree"
T     96024 77124143618887093  1748391013   671279100  1748391013   671279100 "obj_dir/Vtop_046_const.tree"
T        91 45317471250583060  1748391013   673279100  1748391013   673279100 "obj_dir/Vtop_047_life.tree"
T        91 23925373020573771  1748391013   675283100  1748391013   675283100 "obj_dir/Vtop_048_table.tree"
T        91 44191571343741112  1748391013   677280000  1748391013   677280000 "obj_dir/Vtop_049_const.tree"
T        91 92886742314685246  1748391013   679281200  1748391013   679281200 "obj_dir/Vtop_050_deadDtypesScoped.tree"
T     96270 61080069946381135  1748391013   683282500  1748391013   683282500 "obj_dir/Vtop_051_active.tree"
T     97011 113434415614563168  1748391013   688279000  1748391013   688279000 "obj_dir/Vtop_052_split.tree"
T        91 36873221949264976  1748391013   689280400  1748391013   689280400 "obj_dir/Vtop_053_splitas.tree"
T    126784 148900262680106212  1748391013   695280600  1748391013   695280600 "obj_dir/Vtop_054_tracedecl.tree"
T    100808 16888498602808772  1748391013   700279500  1748391013   700279500 "obj_dir/Vtop_055_gate.tree"
T    100085 96545917011924793  1748391013   706280000  1748391013   706280000 "obj_dir/Vtop_056_const.tree"
T     82440 129197014310360921  1748391013   710278500  1748391013   710278500 "obj_dir/Vtop_057_deadAllScoped.tree"
T        91 75435293758625808  1748391013   712279200  1748391013   712279200 "obj_dir/Vtop_058_reorder.tree"
T    114291 23643898043865168  1748391013   717279100  1748391013   717279100 "obj_dir/Vtop_059_delayed.tree"
T    108522 116812115335092378  1748391013   722278800  1748391013   722278800 "obj_dir/Vtop_060_activetop.tree"
T    189367 90071992547580125  1748391013   733279200  1748391013   733279200 "obj_dir/Vtop_061_sched.tree"
T    183733 14073748835703218  1748391013   740279300  1748391013   740279300 "obj_dir/Vtop_062_clock.tree"
T    183547 110619665847458440  1748391013   748280200  1748391013   748280200 "obj_dir/Vtop_063_const.tree"
T        91 161566636632087253  1748391013   750280800  1748391013   750280800 "obj_dir/Vtop_064_life.tree"
T    181771 90353467524291314  1748391013   757280200  1748391013   757280200 "obj_dir/Vtop_065_life_post.tree"
T    180265 31806672368474982  1748391013   764280600  1748391013   764280600 "obj_dir/Vtop_066_const.tree"
T    177032 43910096367033997  1748391013   771279100  1748391013   771279100 "obj_dir/Vtop_067_deadAllScoped.tree"
T    193680 104990166313246507  1748391013   781279400  1748391013   781279400 "obj_dir/Vtop_068_trace.tree"
T    144756 32369622321897285  1748391013   788279100  1748391013   788279100 "obj_dir/Vtop_070_descope.tree"
T        91 47006321110851591  1748391013   791280300  1748391013   791280300 "obj_dir/Vtop_071_combine.tree"
T    144338 174233010584068107  1748391013   797279500  1748391013   797279500 "obj_dir/Vtop_072_const.tree"
T    141342 59672695062831137  1748391013   802278500  1748391013   802278500 "obj_dir/Vtop_073_deadAll.tree"
T    152343 102175416546140378  1748391013   809279200  1748391013   809279200 "obj_dir/Vtop_074_clean.tree"
T    153957 75153818781917405  1748391013   816279000  1748391013   816279000 "obj_dir/Vtop_075_premit.tree"
T    150720 35747322042425613  1748391013   822280500  1748391013   822280500 "obj_dir/Vtop_076_expand.tree"
T    145064 118500965195358481  1748391013   828278500  1748391013   828278500 "obj_dir/Vtop_077_const_cpp.tree"
T    143252 64457769666912614  1748391013   835280600  1748391013   835280600 "obj_dir/Vtop_078_subst.tree"
T    143248 151996487423926657  1748391013   841279100  1748391013   841279100 "obj_dir/Vtop_079_const_cpp.tree"
T    142432 72057594038100375  1748391013   847278400  1748391013   847278400 "obj_dir/Vtop_080_deadAll.tree"
T    149264 141018963332211125  1748391013   855280000  1748391013   855280000 "obj_dir/Vtop_084_cast.tree"
T    160759 81627743246262768  1748391013   861278600  1748391013   861278600 "obj_dir/Vtop_085_cctors.tree"
T        91 79657418409288196  1748391013   863282600  1748391013   863282600 "obj_dir/Vtop_086_common.tree"
T    161111 31525197391766081  1748391013   870280700  1748391013   870280700 "obj_dir/Vtop_087_variableorder.tree"
T        91 68961369294283583  1748391013   872278500  1748391013   872278500 "obj_dir/Vtop_088_cuse.tree"
T    162000 50665495808118921  1748391013   929450900  1748391013   929450900 "obj_dir/Vtop_990_final.tree"
T       799 91197892454425584  1748391013   875280000  1748391013   875280000 "obj_dir/Vtop__Syms.cpp"
T      1092 121034239985755262  1748391013   876279600  1748391013   876279600 "obj_dir/Vtop__Syms.h"
T       290 30962247438364579  1748391013   898278900  1748391013   898278900 "obj_dir/Vtop__TraceDecls__0__Slow.cpp"
T      3822 65583669573777170  1748391013   900281600  1748391013   900281600 "obj_dir/Vtop__Trace__0.cpp"
T     16558 26740122787699584  1748391013   898278900  1748391013   898278900 "obj_dir/Vtop__Trace__0__Slow.cpp"
T      1809 117938015241944311  1748391013   885279800  1748391013   885279800 "obj_dir/Vtop___024root.h"
T      1916 29273397578092497  1748391013   892279300  1748391013   892279300 "obj_dir/Vtop___024root__DepSet_h84412442__0.cpp"
T       896 82472168176405695  1748391013   889281700  1748391013   889281700 "obj_dir/Vtop___024root__DepSet_h84412442__0__Slow.cpp"
T     17849 25332747904144972  1748391013   895279800  1748391013   895279800 "obj_dir/Vtop___024root__DepSet_heccd7ead__0.cpp"
T     10383 36310271995858612  1748391013   891278600  1748391013   891278600 "obj_dir/Vtop___024root__DepSet_heccd7ead__0__Slow.cpp"
T       620 96545917011938197  1748391013   887278600  1748391013   887278600 "obj_dir/Vtop___024root__Slow.cpp"
T      5904 19140298416442475  1748391013   530719600  1748391013   530719600 "obj_dir/Vtop__inputs.vpp"
T       746 54043195528619686  1748391013   883279000  1748391013   883279000 "obj_dir/Vtop__pch.h"
T     67071 8444249301520175  1748391013   923450900  1748391013   923450900 "obj_dir/Vtop__stats.txt"
T       195 99642141755735612  1748391013   629281000  1748391013   629281000 "obj_dir/Vtop__stats_dfg_patterns__post_inline.txt"
T       191 89227567617440616  1748391013   618279800  1748391013   618279800 "obj_dir/Vtop__stats_dfg_patterns__pre_inline.txt"
T      6778 23925373020522066  1748391013   525721600  1748391013   525721600 "obj_dir/Vtop__top.sv.vpp"
T      3101 12384898975470086  1748391013   931451600  1748391013   931451600 "obj_dir/Vtop__ver.d"
T         0        0  1748391014    28449400  1748391014    28449400 "obj_dir/Vtop__verFiles.dat"
T      6639 11258999068542528  1748391013   493169300  1748391013   493169300 "obj_dir/Vtop__verilated_std.sv.vpp"
T      1711 23080948090471777  1748391013   916279400  1748391013   916279400 "obj_dir/Vtop_classes.mk"
S      2865 83035118129817470  1748390343   336151000  1748390343   334149300 "src/Controller/DMA.sv"
S      1211 65302194597046632  1748390343   349150800  1748390343   347148800 "src/Controller/GLB.sv"
S      2126 23362423067159461  1748391007   612770600  1748391007   612770600 "src/Controller/top.sv"
